.96 Gal
Damage Up
0 0 0 31.0-62.0
0 1 3 31.7-63.4
0 2 6 32.4-64.9
0 3 9 33.1-66.2
1 0 10 33.3-66.6
0 4 12 33.7-67.5
1 1 13 33.9-67.9
0 5 15 34.3-68.7
1 2 16 34.5-69.1
0 6 18 34.9-69.8
1 3 19 35.1-70.2
2 0 20 35.2-70.5
0 7 21 35.4-70.8
1 4 22 35.6-71.2
2 1 23 35.7-71.5
0 8 24 35.9-71.8
1 5 25 36.0-72.1
2 2 26 36.2-72.4
0 9 27 36.3-72.7
1 6 28 36.5-73.0
2 3 29 36.6-73.3
3 0 30 36.7-73.5
1 7 31 36.9-73.8
2 4 32 37.0-74.0
3 1 33 37.1-74.3
1 8 34 37.2-74.5
2 5 35 37.3-74.7
3 2 36 37.4-74.9
1 9 37 37.5-75.1
2 6 38 37.6-75.3
3 3 39 37.7-75.5
1 10 40 37.8-75.7
2 7 41 37.9-75.9
3 4 42 38.0-76.1
1 11 43 38.1-76.2
2 8 44 38.2-76.4
3 5 45 38.2-76.5
1 12 46 38.3-76.6
2 9 47 38.3-76.7
3 6 48 38.4-76.9
2 10 50 38.5-77.1
3 7 51 38.6-77.2
2 11 53 38.6-77.3
3 8 54 38.7-77.4
2 12 56 38.7-77.5
3 9 57 38.7-77.5