Ballpoint Splatling
Damage Up
0 0 0 16.0-32.0
0 1 3 16.1-32.3
0 2 6 16.3-32.6
0 3 9 16.4-32.8
1 0 10 16.4-32.9
0 4 12 16.5-33.1
1 1 13 16.6-33.2
0 5 15 16.6-33.3
1 2 16 16.7-33.3
0 6 18 16.8-33.3
1 3 19 16.8-33.3
2 0 20 16.8-33.3
0 7 21 16.9-33.3
1 4 22 16.9-33.3
2 1 23 16.9-33.3
0 8 24 17.0-33.3
1 5 25 17.0-33.3
2 2 26 17.0-33.3
0 9 27 17.1-33.3
1 6 28 17.1-33.3
2 3 29 17.1-33.3
3 0 30 17.1-33.3
1 7 31 17.2-33.3
2 4 32 17.2-33.3
3 1 33 17.2-33.3
1 8 34 17.2-33.3
2 5 35 17.3-33.3
3 2 36 17.3-33.3
1 9 37 17.3-33.3
2 6 38 17.3-33.3
3 3 39 17.4-33.3
1 10 40 17.4-33.3
2 7 41 17.4-33.3
3 4 42 17.4-33.3
1 11 43 17.4-33.3
2 8 44 17.4-33.3
3 5 45 17.5-33.3
1 12 46 17.5-33.3
2 9 47 17.5-33.3
3 6 48 17.5-33.3
2 10 50 17.5-33.3
3 7 51 17.5-33.3
2 11 53 17.5-33.3
3 8 54 17.5-33.3
2 12 56 17.6-33.3
3 9 57 17.6-33.3