Glooga Dualies
Damage Up
0 0 0 18.0-36.0
0 1 3 18.3-36.6
0 2 6 18.6-37.3
0 3 9 18.9-37.9
1 0 10 19.0-38.1
0 4 12 19.2-38.5
1 1 13 19.3-38.7
0 5 15 19.5-39.1
1 2 16 19.6-39.3
0 6 18 19.8-39.6
1 3 19 19.9-39.8
2 0 20 19.9-39.9
0 7 21 20.0-40.1
1 4 22 20.1-40.2
2 1 23 20.2-40.4
0 8 24 20.2-40.5
1 5 25 20.3-40.7
2 2 26 20.4-40.8
0 9 27 20.4-40.9
1 6 28 20.5-41.1
2 3 29 20.6-41.2
3 0 30 20.6-41.3
1 7 31 20.7-41.4
2 4 32 20.8-41.6
3 1 33 20.8-41.7
1 8 34 20.9-41.8
2 5 35 20.9-41.9
3 2 36 21.0-42.0
1 9 37 21.0-42.1
2 6 38 21.1-42.2
3 3 39 21.1-42.3
1 10 40 21.1-42.3
2 7 41 21.2-42.4
3 4 42 21.2-42.5
1 11 43 21.3-42.6
2 8 44 21.3-42.6
3 5 45 21.3-42.7
1 12 46 21.4-42.8
2 9 47 21.4-42.8
3 6 48 21.4-42.9
2 10 50 21.5-43.0
3 7 51 21.5-43.0
2 11 53 21.5-43.1
3 8 54 21.5-43.1
2 12 56 21.6-43.2
3 9 57 21.6-43.2