H-3 Nozzlenose
Damage Up
0 0 0 20.5-41.0
0 1 3 20.9-41.9
0 2 6 21.4-42.9
0 3 9 21.9-43.8
1 0 10 22.0-44.1
0 4 12 22.3-44.6
1 1 13 22.4-44.9
0 5 15 22.7-45.4
1 2 16 22.8-45.7
0 6 18 23.0-46.1
1 3 19 23.2-46.4
2 0 20 23.3-46.6
0 7 21 23.4-46.8
1 4 22 23.5-47.1
2 1 23 23.6-47.3
0 8 24 23.7-47.5
1 5 25 23.8-47.7
2 2 26 23.9-47.9
0 9 27 24.0-48.1
1 6 28 24.1-48.3
2 3 29 24.2-48.4
3 0 30 24.3-48.6
1 7 31 24.4-48.8
2 4 32 24.4-48.9
3 1 33 24.5-49.1
1 8 34 24.6-49.3
2 5 35 24.7-49.4
3 2 36 24.7-49.5
1 9 37 24.8-49.7
2 6 38 24.9-49.8
3 3 39 24.9-49.9
1 10 40 25.0-49.9
2 7 41 25.1-49.9
3 4 42 25.1-49.9
1 11 43 25.2-49.9
2 8 44 25.2-49.9
3 5 45 25.3-49.9
1 12 46 25.3-49.9
2 9 47 25.3-49.9
3 6 48 25.4-49.9
2 10 50 25.4-49.9
3 7 51 25.5-49.9
2 11 53 25.5-49.9
3 8 54 25.5-49.9
2 12 56 25.6-49.9
3 9 57 25.6-49.9