Heavy Splatling
Burst Duration
0 0 0 144
0 1 3 148
0 2 6 151
0 3 9 154
1 0 10 155
0 4 12 157
1 1 13 158
0 5 15 160
1 2 16 160
0 6 18 162
1 3 19 163
2 0 20 164
0 7 21 164
1 4 22 165
2 1 23 166
0 8 24 166
1 5 25 167
2 2 26 168
0 9 27 168
1 6 28 169
2 3 29 170
3 0 30 170
1 7 31 171
2 4 32 171
3 1 33 172
1 8 34 172
2 5 35 173
3 2 36 173
1 9 37 174
2 6 38 174
3 3 39 175
1 10 40 175
2 7 41 176
3 4 42 176
1 11 43 176
2 8 44 177
3 5 45 177
1 12 46 177
2 9 47 177
3 6 48 178
2 10 50 178
3 7 51 178
2 11 53 179
3 8 54 179
2 12 56 179
3 9 57 179