Inkbrush
Roll Speed
0 0 0 1.92
0 1 3 1.9471
0 2 6 1.9589
0 3 9 1.9678
1 0 10 1.9703
0 4 12 1.975
1 1 13 1.9772
0 5 15 1.9812
1 2 16 1.983
0 6 18 1.9865
1 3 19 1.9881
2 0 20 1.9896
0 7 21 1.9911
1 4 22 1.9925
2 1 23 1.9939
0 8 24 1.9952
1 5 25 1.9964
2 2 26 1.9977
0 9 27 1.9988
1 6 28 1.9999
2 3 29 2.001
3 0 30 2.002
1 7 31 2.003
2 4 32 2.0039
3 1 33 2.0048
1 8 34 2.0057
2 5 35 2.0065
3 2 36 2.0073
1 9 37 2.008
2 6 38 2.0087
3 3 39 2.0094
1 10 40 2.01
2 7 41 2.0106
3 4 42 2.0112
1 11 43 2.0118
2 8 44 2.0123
3 5 45 2.0128
1 12 46 2.0132
2 9 47 2.0136
3 6 48 2.014
2 10 50 2.0147
3 7 51 2.015
2 11 53 2.0155
3 8 54 2.0157
2 12 56 2.016
3 9 57 2.016