L-3 Nozzlenose
Damage Up
0 0 0 14.5-29.0
0 1 3 14.9-29.8
0 2 6 15.3-30.6
0 3 9 15.6-31.3
1 0 10 15.8-31.6
0 4 12 16.0-32.1
1 1 13 16.1-32.3
0 5 15 16.3-32.7
1 2 16 16.4-32.9
0 6 18 16.7-33.3
1 3 19 16.8-33.3
2 0 20 16.9-33.3
0 7 21 16.9-33.3
1 4 22 17.0-33.3
2 1 23 17.1-33.3
0 8 24 17.2-33.3
1 5 25 17.3-33.3
2 2 26 17.4-33.3
0 9 27 17.5-33.3
1 6 28 17.5-33.3
2 3 29 17.6-33.3
3 0 30 17.7-33.3
1 7 31 17.8-33.3
2 4 32 17.8-33.3
3 1 33 17.9-33.3
1 8 34 18.0-33.3
2 5 35 18.0-33.3
3 2 36 18.1-33.3
1 9 37 18.2-33.3
2 6 38 18.2-33.3
3 3 39 18.3-33.3
1 10 40 18.3-33.3
2 7 41 18.4-33.3
3 4 42 18.4-33.3
1 11 43 18.5-33.3
2 8 44 18.5-33.3
3 5 45 18.5-33.3
1 12 46 18.6-33.3
2 9 47 18.6-33.3
3 6 48 18.6-33.3
2 10 50 18.7-33.3
3 7 51 18.7-33.3
2 11 53 18.8-33.3
3 8 54 18.8-33.3
2 12 56 18.8-33.3
3 9 57 18.8-33.3