Nautilus
Burst Duration
0 0 0 104
0 1 3 112
0 2 6 116
0 3 9 119
1 0 10 120
0 4 12 122
1 1 13 122
0 5 15 124
1 2 16 124
0 6 18 125
1 3 19 126
2 0 20 127
0 7 21 127
1 4 22 128
2 1 23 128
0 8 24 128
1 5 25 129
2 2 26 129
0 9 27 130
1 6 28 130
2 3 29 130
3 0 30 131
1 7 31 131
2 4 32 131
3 1 33 132
1 8 34 132
2 5 35 132
3 2 36 133
1 9 37 133
2 6 38 133
3 3 39 133
1 10 40 134
2 7 41 134
3 4 42 134
1 11 43 134
2 8 44 134
3 5 45 135
1 12 46 135
2 9 47 135
3 6 48 135
2 10 50 135
3 7 51 135
2 11 53 136
3 8 54 136
2 12 56 136
3 9 57 136