Octo Brush
Roll Speed
0 0 0 1.68
0 1 3 1.7213
0 2 6 1.745
0 3 9 1.764
1 0 10 1.7697
0 4 12 1.7803
1 1 13 1.7852
0 5 15 1.7945
1 2 16 1.7989
0 6 18 1.8071
1 3 19 1.811
2 0 20 1.8147
0 7 21 1.8183
1 4 22 1.8218
2 1 23 1.8252
0 8 24 1.8284
1 5 25 1.8315
2 2 26 1.8345
0 9 27 1.8374
1 6 28 1.8402
2 3 29 1.8428
3 0 30 1.8454
1 7 31 1.8479
2 4 32 1.8503
3 1 33 1.8526
1 8 34 1.8547
2 5 35 1.8568
3 2 36 1.8588
1 9 37 1.8608
2 6 38 1.8626
3 3 39 1.8643
1 10 40 1.866
2 7 41 1.8676
3 4 42 1.8691
1 11 43 1.8705
2 8 44 1.8718
3 5 45 1.8731
1 12 46 1.8742
2 9 47 1.8753
3 6 48 1.8764
2 10 50 1.8782
3 7 51 1.879
2 11 53 1.8803
3 8 54 1.8809
2 12 56 1.8816
3 9 57 1.8816