Splat Dualies
Damage Up
0 0 0 15.0-30.0
0 1 3 15.0-30.1
0 2 6 15.2-30.4
0 3 9 15.3-30.7
1 0 10 15.4-30.8
0 4 12 15.5-31.1
1 1 13 15.6-31.2
0 5 15 15.7-31.4
1 2 16 15.7-31.5
0 6 18 15.9-31.8
1 3 19 15.9-31.9
2 0 20 16.0-32.0
0 7 21 16.0-32.1
1 4 22 16.1-32.3
2 1 23 16.2-32.4
0 8 24 16.2-32.5
1 5 25 16.3-32.6
2 2 26 16.3-32.7
0 9 27 16.4-32.8
1 6 28 16.4-32.9
2 3 29 16.5-33.0
3 0 30 16.5-33.1
1 7 31 16.6-33.2
2 4 32 16.6-33.3
3 1 33 16.7-33.3
1 8 34 16.7-33.3
2 5 35 16.8-33.3
3 2 36 16.8-33.3
1 9 37 16.9-33.3
2 6 38 16.9-33.3
3 3 39 16.9-33.3
1 10 40 17.0-33.3
2 7 41 17.0-33.3
3 4 42 17.0-33.3
1 11 43 17.1-33.3
2 8 44 17.1-33.3
3 5 45 17.1-33.3
1 12 46 17.2-33.3
2 9 47 17.2-33.3
3 6 48 17.2-33.3
2 10 50 17.3-33.3
3 7 51 17.3-33.3
2 11 53 17.3-33.3
3 8 54 17.3-33.3
2 12 56 17.4-33.3
3 9 57 17.4-33.3