Splattershot Pro
Damage Up
0 0 0 21.0-42.0
0 1 3 21.5-43.0
0 2 6 21.9-43.9
0 3 9 22.4-44.8
1 0 10 22.5-45.1
0 4 12 22.8-45.7
1 1 13 23.0-46.0
0 5 15 23.2-46.5
1 2 16 23.4-46.8
0 6 18 23.6-47.3
1 3 19 23.7-47.5
2 0 20 23.8-47.7
0 7 21 24.0-48.0
1 4 22 24.1-48.2
2 1 23 24.2-48.4
0 8 24 24.3-48.6
1 5 25 24.4-48.8
2 2 26 24.5-49.0
0 9 27 24.6-49.2
1 6 28 24.7-49.4
2 3 29 24.8-49.6
3 0 30 24.9-49.8
1 7 31 25.0-49.9
2 4 32 25.0-49.9
3 1 33 25.1-49.9
1 8 34 25.2-49.9
2 5 35 25.3-49.9
3 2 36 25.4-49.9
1 9 37 25.4-49.9
2 6 38 25.5-49.9
3 3 39 25.6-49.9
1 10 40 25.6-49.9
2 7 41 25.7-49.9
3 4 42 25.7-49.9
1 11 43 25.8-49.9
2 8 44 25.8-49.9
3 5 45 25.9-49.9
1 12 46 25.9-49.9
2 9 47 26.0-49.9
3 6 48 26.0-49.9
2 10 50 26.1-49.9
3 7 51 26.1-49.9
2 11 53 26.2-49.9
3 8 54 26.2-49.9
2 12 56 26.2-49.9
3 9 57 26.2-49.9