Splash-o-matic
Damage Up
0 0 0 14.0-28.0
0 1 3 14.3-28.6
0 2 6 14.6-29.3
0 3 9 14.9-29.9
1 0 10 15.0-30.1
0 4 12 15.2-30.4
1 1 13 15.3-30.6
0 5 15 15.5-31.0
1 2 16 15.6-31.2
0 6 18 15.7-31.5
1 3 19 15.8-31.7
2 0 20 15.9-31.8
0 7 21 16.0-32.0
1 4 22 16.0-32.1
2 1 23 16.1-32.3
0 8 24 16.2-32.4
1 5 25 16.2-32.5
2 2 26 16.3-32.7
0 9 27 16.4-32.8
1 6 28 16.4-32.9
2 3 29 16.5-33.1
3 0 30 16.6-33.2
1 7 31 16.6-33.3
2 4 32 16.7-33.3
3 1 33 16.7-33.3
1 8 34 16.8-33.3
2 5 35 16.8-33.3
3 2 36 16.9-33.3
1 9 37 16.9-33.3
2 6 38 17.0-33.3
3 3 39 17.0-33.3
1 10 40 17.1-33.3
2 7 41 17.1-33.3
3 4 42 17.1-33.3
1 11 43 17.2-33.3
2 8 44 17.2-33.3
3 5 45 17.2-33.3
1 12 46 17.3-33.3
2 9 47 17.3-33.3
3 6 48 17.3-33.3
2 10 50 17.4-33.3
3 7 51 17.4-33.3
2 11 53 17.4-33.3
3 8 54 17.4-33.3
2 12 56 17.5-33.3
3 9 57 17.5-33.3