Squeezer
Damage Up
0 0 0 19.0-38.0
0 1 3 19.5-39.1
0 2 6 20.0-40.1
0 3 9 20.5-41.1
1 0 10 20.7-41.4
0 4 12 21.0-42.0
1 1 13 21.1-42.3
0 5 15 21.4-42.9
1 2 16 21.6-43.2
0 6 18 21.8-43.7
1 3 19 22.0-44.0
2 0 20 22.1-44.2
0 7 21 22.2-44.5
1 4 22 22.3-44.7
2 1 23 22.5-45.0
0 8 24 22.6-45.2
1 5 25 22.7-45.4
2 2 26 22.8-45.7
0 9 27 22.9-45.9
1 6 28 23.0-46.1
2 3 29 23.1-46.3
3 0 30 23.2-46.5
1 7 31 23.3-46.7
2 4 32 23.4-46.8
3 1 33 23.5-47.0
1 8 34 23.6-47.2
2 5 35 23.6-47.3
3 2 36 23.7-47.5
1 9 37 23.8-47.7
2 6 38 23.9-47.8
3 3 39 23.9-47.9
1 10 40 24.0-48.1
2 7 41 24.1-48.2
3 4 42 24.1-48.3
1 11 43 24.2-48.4
2 8 44 24.2-48.5
3 5 45 24.3-48.6
1 12 46 24.3-48.7
2 9 47 24.4-48.8
3 6 48 24.4-48.9
2 10 50 24.5-49.1
3 7 51 24.5-49.1
2 11 53 24.6-49.2
3 8 54 24.6-49.3
2 12 56 24.7-49.4
3 9 57 24.7-49.4