Tenta Brella
Canopy HP
0 0 0 7000
0 1 3 7289
0 2 6 7564
0 3 9 7825
1 0 10 7909
0 4 12 8071
1 1 13 8150
0 5 15 8302
1 2 16 8376
0 6 18 8519
1 3 19 8588
2 0 20 8656
0 7 21 8721
1 4 22 8785
2 1 23 8848
0 8 24 8909
1 5 25 8968
2 2 26 9026
0 9 27 9082
1 6 28 9136
2 3 29 9189
3 0 30 9241
1 7 31 9290
2 4 32 9338
3 1 33 9385
1 8 34 9429
2 5 35 9472
3 2 36 9514
1 9 37 9554
2 6 38 9592
3 3 39 9628
1 10 40 9664
2 7 41 9697
3 4 42 9729
1 11 43 9759
2 8 44 9787
3 5 45 9814
1 12 46 9840
2 9 47 9863
3 6 48 9885
2 10 50 9925
3 7 51 9942
2 11 53 9971
3 8 54 9984
2 12 56 10000
3 9 57 10000