Tetra Dualies
Damage Up
0 0 0 14.0-28.0
0 1 3 14.2-28.5
0 2 6 14.5-29.0
0 3 9 14.7-29.5
1 0 10 14.8-29.6
0 4 12 14.9-29.9
1 1 13 15.0-30.1
0 5 15 15.2-30.4
1 2 16 15.2-30.5
0 6 18 15.4-30.8
1 3 19 15.4-30.9
2 0 20 15.5-31.0
0 7 21 15.6-31.2
1 4 22 15.6-31.3
2 1 23 15.7-31.4
0 8 24 15.7-31.5
1 5 25 15.8-31.6
2 2 26 15.8-31.7
0 9 27 15.9-31.8
1 6 28 15.9-31.9
2 3 29 16.0-32.0
3 0 30 16.0-32.1
1 7 31 16.1-32.2
2 4 32 16.1-32.3
3 1 33 16.2-32.4
1 8 34 16.2-32.5
2 5 35 16.3-32.6
3 2 36 16.3-32.6
1 9 37 16.3-32.7
2 6 38 16.4-32.8
3 3 39 16.4-32.9
1 10 40 16.4-32.9
2 7 41 16.5-33.0
3 4 42 16.5-33.0
1 11 43 16.5-33.1
2 8 44 16.6-33.2
3 5 45 16.6-33.2
1 12 46 16.6-33.3
2 9 47 16.6-33.3
3 6 48 16.6-33.3
2 10 50 16.7-33.3
3 7 51 16.7-33.3
2 11 53 16.7-33.3
3 8 54 16.7-33.3
2 12 56 16.8-33.3
3 9 57 16.8-33.3